1.100000000000000006e-01 1.838000074850673627e+04
1.499999999999999944e-01 1.096094255257986515e+04
2.000000000000000111e-01 6.786044041487264622e+03
2.500000000000000000e-01 4.678428381140584861e+03
2.999999999999999889e-01 3.452480562170953363e+03
4.000000000000000222e-01 2.137469933345870686e+03
5.000000000000000000e-01 1.473612599456154157e+03
6.999999999999999556e-01 8.410786326139908624e+02
1.000000000000000000e+00 4.641588833612777307e+02
1.500000000000000000e+00 2.361463487072468297e+02
2.000000000000000000e+00 1.462008869106432485e+02
2.500000000000000000e+00 1.007936839915898162e+02
3.000000000000000000e+00 7.438143889801879993e+01
4.000000000000000000e+00 4.605039373300481031e+01
6.000000000000000000e+00 2.342868514727080154e+01
8.000000000000000000e+00 1.450496510503992731e+01
1.000000000000000000e+01 9.999999999999994671e+00
1.250000000000000000e+01 6.894191008102025009e+00
1.500000000000000000e+01 5.087618855792583439e+00
1.750000000000000000e+01 3.934926145592210212e+00
2.000000000000000000e+01 3.149802624737181311e+00
3.000000000000000000e+01 1.602499522563786138e+00
4.000000000000000000e+01 9.921256574801241568e-01
5.000000000000000000e+01 6.839903786706783562e-01
6.000000000000000000e+01 5.047557202311495628e-01
7.000000000000000000e+01 3.903941189331403550e-01
8.000000000000000000e+01 3.124999999999998335e-01
9.000000000000000000e+01 2.568004719817163495e-01
1.000000000000000000e+02 2.154434690031882260e-01
1.100000000000000000e+02 1.838000074850672794e-01
1.200000000000000000e+02 1.589880892435182047e-01
1.300000000000000000e+02 1.391322300426482972e-01
1.400000000000000000e+02 1.229664420497565414e-01
1.500000000000000000e+02 1.096094255257985955e-01
1.600000000000000000e+02 9.843133202303688822e-02
1.700000000000000000e+02 8.897168133765515075e-02
1.800000000000000000e+02 8.088708006817575680e-02
1.900000000000000000e+02 7.391694317789314350e-02
2.000000000000000000e+02 6.786044041487261647e-02
