0.000000000000000000e+00 4.218328872593175941e-05
1.111111111111110894e+01 1.084683270925881036e-02
2.222222222222221788e+01 6.420192178397610833e-03
3.333333333333332860e+01 2.184289193994553343e-03
4.444444444444443576e+01 2.212452690475417028e-03
5.555555555555554292e+01 1.648702886580998223e-03
6.666666666666665719e+01 9.520694245368409520e-04
7.777777777777775725e+01 1.128695205893619734e-03
8.888888888888887152e+01 5.049102022190136855e-04
9.999999999999998579e+01 5.180233578294339948e-04
1.111111111111110858e+02 5.763534994055916853e-04
1.222222222222222001e+02 3.485983255651223722e-04
1.333333333333333144e+02 3.607753809197168041e-04
1.444444444444444287e+02 2.847247673598027958e-04
1.555555555555555145e+02 2.740151329428054845e-04
1.666666666666666288e+02 2.155913308389523198e-04
1.777777777777777430e+02 2.018949866892570612e-04
1.888888888888888573e+02 1.715938854388949694e-04
1.999999999999999716e+02 2.167275839610876024e-04
2.111111111111110574e+02 1.677051936668359940e-04
2.222222222222221717e+02 1.743407849099275686e-04
2.333333333333332860e+02 8.569112744567389066e-05
2.444444444444444002e+02 1.662877984723626530e-04
2.555555555555555145e+02 8.524839493205122181e-05
2.666666666666666288e+02 1.244127729334052552e-04
2.777777777777777146e+02 8.776613854047936758e-05
2.888888888888888573e+02 8.642860924020291690e-05
2.999999999999999432e+02 8.786623525507840013e-05
3.111111111111110290e+02 1.054118515875420174e-04
3.222222222222221717e+02 5.980981194313377631e-05
3.333333333333332575e+02 7.660363266792401596e-05
3.444444444444444002e+02 6.920826695588246764e-05
3.555555555555554861e+02 6.328143642644399442e-05
3.666666666666665719e+02 6.810783381489210822e-05
3.777777777777777146e+02 5.372771453578039313e-05
3.888888888888888005e+02 7.270220582947899948e-05
3.999999999999999432e+02 5.797970333063855685e-05
4.111111111111110290e+02 3.834571937114233242e-05
4.222222222222221149e+02 5.795121373325200480e-05
4.333333333333332575e+02 5.979434879751327584e-05
4.444444444444443434e+02 3.866889093772132700e-05
4.555555555555554861e+02 5.077176782982090273e-05
4.666666666666665719e+02 3.909999912584231511e-05
4.777777777777776578e+02 5.466257536257514225e-05
4.888888888888888005e+02 2.611588742771042129e-05
4.999999999999998863e+02 3.225995469521986939e-05
5.111111111111110290e+02 3.656958416090797507e-05
5.222222222222221717e+02 4.743794535631642870e-05
5.333333333333332575e+02 3.946895717800375712e-05
5.444444444444443434e+02 2.724530334520587518e-05
5.555555555555554292e+02 3.414363360418812672e-05
5.666666666666665151e+02 2.740064384402170870e-05
5.777777777777777146e+02 2.666574345148468378e-05
5.888888888888888005e+02 3.269137233670076022e-05
5.999999999999998863e+02 2.744099665375091416e-05
6.111111111111109722e+02 3.075945040065095380e-05
6.222222222222220580e+02 2.850200424257785938e-05
6.333333333333332575e+02 2.521878111560579887e-05
6.444444444444443434e+02 2.839635003690095438e-05
6.555555555555554292e+02 2.482507842625891596e-05
6.666666666666665151e+02 3.216755167357779045e-05
6.777777777777776009e+02 2.078513982523711438e-05
6.888888888888888005e+02 2.206046105387078377e-05
6.999999999999998863e+02 1.351984776579587986e-05
7.111111111111109722e+02 9.687533495178161580e-06
7.222222222222220580e+02 1.890975992380799043e-06
7.333333333333331439e+02 1.033280449408702330e-06
7.444444444444443434e+02 7.924891736755378282e-07
7.555555555555554292e+02 6.031927787870497356e-07
7.666666666666665151e+02 4.660734958543803389e-07
7.777777777777776009e+02 3.733799477942372168e-07
7.888888888888886868e+02 2.459567762635301791e-07
7.999999999999998863e+02 2.205906310061958123e-07
8.111111111111109722e+02 1.701953230619367730e-07
8.222222222222220580e+02 1.403809261193974874e-07
8.333333333333331439e+02 1.242440629762301653e-07
8.444444444444442297e+02 1.063181983418792559e-07
8.555555555555554292e+02 9.934621244968411038e-08
8.666666666666665151e+02 7.756408440266080777e-08
8.777777777777776009e+02 7.194727874578469520e-08
8.888888888888886868e+02 5.765329364936261958e-08
8.999999999999997726e+02 4.370676839576905174e-08
9.111111111111109722e+02 3.588229568954548915e-08
9.222222222222220580e+02 2.655528850358477532e-08
9.333333333333331439e+02 1.677710374140453243e-08
9.444444444444442297e+02 9.283340026675733014e-09
9.555555555555553156e+02 9.197440811778963705e-09
9.666666666666665151e+02 5.048171347564335220e-09
9.777777777777776009e+02 4.381611024580695163e-09
9.888888888888886868e+02 1.934692358308594559e-09
9.999999999999997726e+02 9.011766808148150696e-10
1.011111111111110858e+03 3.718272611533343014e-10
1.022222222222222058e+03 1.637289152069738373e-10
1.033333333333333030e+03 1.180079905141491843e-10
1.044444444444444343e+03 8.352718937908549522e-11
1.055555555555555429e+03 6.091692042233912470e-11
1.066666666666666515e+03 4.650687939004736721e-11
1.077777777777777601e+03 3.696435225618326979e-11
1.088888888888888687e+03 2.681164584009597345e-11
1.099999999999999773e+03 2.002242278746512333e-11
1.111111111111110858e+03 1.358605479878322600e-11
1.122222222222221944e+03 1.098839608015649658e-11
1.133333333333333030e+03 7.298890536082158833e-12
1.144444444444444116e+03 4.226422696662113801e-12
1.155555555555555429e+03 2.603975795520808477e-12
1.166666666666666515e+03 2.237768973507678408e-12
1.177777777777777601e+03 1.371145328807637766e-12
1.188888888888888687e+03 7.749041197139593643e-13
1.199999999999999773e+03 2.208429067175514795e-13
1.211111111111110858e+03 2.154849358121483144e-13
1.222222222222221944e+03 4.987332277773707786e-14
1.233333333333333030e+03 3.349190555512846556e-15
1.244444444444444116e+03 0.000000000000000000e+00
1.255555555555555202e+03 0.000000000000000000e+00
1.266666666666666515e+03 0.000000000000000000e+00
1.277777777777777601e+03 0.000000000000000000e+00
1.288888888888888687e+03 0.000000000000000000e+00
1.299999999999999773e+03 0.000000000000000000e+00
1.311111111111110858e+03 0.000000000000000000e+00
1.322222222222221944e+03 0.000000000000000000e+00
1.333333333333333030e+03 0.000000000000000000e+00
1.344444444444444116e+03 0.000000000000000000e+00
1.355555555555555202e+03 0.000000000000000000e+00
1.366666666666666288e+03 0.000000000000000000e+00
1.377777777777777601e+03 0.000000000000000000e+00
1.388888888888888687e+03 0.000000000000000000e+00
1.399999999999999773e+03 0.000000000000000000e+00
1.411111111111110858e+03 0.000000000000000000e+00
